LAMBDA_MAX: 1.70685000e+02  1.70685000e+02  1.00000000e+00  1.00000000e+00  1.45666800e+04  
PP_LAMBDA: LNORM
B_SIGMA: 1.195133e-01
PP_T: TR
T_FN:  7.611616e-01  7.152798e+00  2.064835e+00  2.064835e+00  1.000000e+00  3.482000e+01  4.129378e+02  4.129378e+02  2.384097e+02  1.000000e+00  
ILAMBDA: 0  4  
IT: 0  1  2  3  6  7  9  
